	x		sin(x)*cos(c)		sin'(x)
	      0.00		      0.00		      0.01
	      0.01		      0.00		      0.03
	      0.02		      0.00		      0.05
	      0.03		      0.00		      0.07
	      0.04		      0.00		      0.09
	      0.05		      0.00		      0.11
	      0.06		      0.00		      0.13
	      0.07		      0.00		      0.15
	      0.08		      0.01		      0.17
	      0.09		      0.01		      0.19
	      0.10		      0.01		      0.20
	      0.11		      0.01		      0.22
	      0.12		      0.01		      0.24
	      0.13		      0.02		      0.26
	      0.14		      0.02		      0.27
	      0.15		      0.02		      0.29
	      0.16		      0.02		      0.31
	      0.17		      0.03		      0.32
	      0.18		      0.03		      0.34
	      0.19		      0.03		      0.35
	      0.20		      0.04		      0.37
	      0.21		      0.04		      0.38
	      0.22		      0.05		      0.39
	      0.23		      0.05		      0.40
	      0.24		      0.05		      0.42
	      0.25		      0.06		      0.43
	      0.26		      0.06		      0.44
	      0.27		      0.07		      0.45
	      0.28		      0.07		      0.45
	      0.29		      0.08		      0.46
	      0.30		      0.08		      0.47
	      0.31		      0.08		      0.48
	      0.32		      0.09		      0.48
	      0.33		      0.09		      0.49
	      0.34		      0.10		      0.49
	      0.35		      0.10		      0.49
	      0.36		      0.11		      0.50
	      0.37		      0.11		      0.50
	      0.38		      0.12		      0.50
	      0.39		      0.12		      0.50
	      0.40		      0.13		      0.50
	      0.41		      0.13		      0.50
	      0.42		      0.14		      0.50
	      0.43		      0.14		      0.49
	      0.44		      0.15		      0.49
	      0.45		      0.15		      0.48
	      0.46		      0.16		      0.48
	      0.47		      0.16		      0.47
	      0.48		      0.17		      0.47
	      0.49		      0.17		      0.46
	      0.50		      0.18		      0.45
	      0.51		      0.18		      0.44
	      0.52		      0.19		      0.43
	      0.53		      0.19		      0.42
	      0.54		      0.19		      0.41
	      0.55		      0.20		      0.40
	      0.56		      0.20		      0.39
	      0.57		      0.21		      0.37
	      0.58		      0.21		      0.36
	      0.59		      0.21		      0.35
	      0.60		      0.22		      0.33
	      0.61		      0.22		      0.31
	      0.62		      0.22		      0.30
	      0.63		      0.23		      0.28
	      0.64		      0.23		      0.27
	      0.65		      0.23		      0.25
	      0.66		      0.23		      0.23
	      0.67		      0.24		      0.21
	      0.68		      0.24		      0.20
	      0.69		      0.24		      0.18
	      0.70		      0.24		      0.16
	      0.71		      0.24		      0.14
	      0.72		      0.25		      0.12
	      0.73		      0.25		      0.10
	      0.74		      0.25		      0.08
	      0.75		      0.25		      0.06
	      0.76		      0.25		      0.04
	      0.77		      0.25		      0.02
	      0.78		      0.25		      0.00
	      0.79		      0.25		     -0.02
	      0.80		      0.25		     -0.04
	      0.81		      0.25		     -0.06
	      0.82		      0.25		     -0.08
	      0.83		      0.25		     -0.10
	      0.84		      0.25		     -0.12
	      0.85		      0.25		     -0.14
	      0.86		      0.24		     -0.16
	      0.87		      0.24		     -0.18
	      0.88		      0.24		     -0.19
	      0.89		      0.24		     -0.21
	      0.90		      0.24		     -0.23
	      0.91		      0.23		     -0.25
	      0.92		      0.23		     -0.26
	      0.93		      0.23		     -0.28
	      0.94		      0.23		     -0.30
	      0.95		      0.22		     -0.31
	      0.96		      0.22		     -0.33
	      0.97		      0.22		     -0.34
	      0.98		      0.21		     -0.36
	      0.99		      0.21		     -0.37
	      1.00		      0.21		     -0.38
	      1.01		      0.20		     -0.40
	      1.02		      0.20		     -0.41
	      1.03		      0.19		     -0.42
	      1.04		      0.19		     -0.43
	      1.05		      0.19		     -0.44
	      1.06		      0.18		     -0.45
	      1.07		      0.18		     -0.46
	      1.08		      0.17		     -0.47
	      1.09		      0.17		     -0.47
	      1.10		      0.16		     -0.48
	      1.11		      0.16		     -0.48
	      1.12		      0.15		     -0.49
	      1.13		      0.15		     -0.49
	      1.14		      0.14		     -0.50
	      1.15		      0.14		     -0.50
	      1.16		      0.13		     -0.50
	      1.17		      0.13		     -0.50
	      1.18		      0.12		     -0.50
	      1.19		      0.12		     -0.50
	      1.20		      0.11		     -0.50
	      1.21		      0.11		     -0.49
	      1.22		      0.10		     -0.49
	      1.23		      0.10		     -0.49
	      1.24		      0.09		     -0.48
	      1.25		      0.09		     -0.48
	      1.26		      0.08		     -0.47
	      1.27		      0.08		     -0.46
	      1.28		      0.08		     -0.45
	      1.29		      0.07		     -0.45
	      1.30		      0.07		     -0.44
	      1.31		      0.06		     -0.43
	      1.32		      0.06		     -0.42
	      1.33		      0.05		     -0.40
	      1.34		      0.05		     -0.39
	      1.35		      0.05		     -0.38
	      1.36		      0.04		     -0.37
	      1.37		      0.04		     -0.35
	      1.38		      0.03		     -0.34
	      1.39		      0.03		     -0.32
	      1.40		      0.03		     -0.31
	      1.41		      0.02		     -0.29
	      1.42		      0.02		     -0.28
	      1.43		      0.02		     -0.26
	      1.44		      0.02		     -0.24
	      1.45		      0.01		     -0.22
	      1.46		      0.01		     -0.21
	      1.47		      0.01		     -0.19
	      1.48		      0.01		     -0.17
	      1.49		      0.01		     -0.15
	      1.50		      0.00		     -0.13
	      1.51		      0.00		     -0.11
	      1.52		      0.00		     -0.09
	      1.53		      0.00		     -0.07
	      1.54		      0.00		     -0.05
	      1.55		      0.00		     -0.03
	      1.56		      0.00		     -0.01
	      1.57		      0.00		      0.01
	      1.58		      0.00		      0.03
	      1.59		      0.00		      0.05
	      1.60		      0.00		      0.07
	      1.61		      0.00		      0.09
	      1.62		      0.00		      0.11
	      1.63		      0.00		      0.13
	      1.64		      0.00		      0.15
	      1.65		      0.01		      0.17
	      1.66		      0.01		      0.18
	      1.67		      0.01		      0.20
	      1.68		      0.01		      0.22
	      1.69		      0.01		      0.24
	      1.70		      0.02		      0.26
	      1.71		      0.02		      0.27
	      1.72		      0.02		      0.29
	      1.73		      0.02		      0.31
	      1.74		      0.03		      0.32
	      1.75		      0.03		      0.34
	      1.76		      0.03		      0.35
	      1.77		      0.04		      0.36
	      1.78		      0.04		      0.38
	      1.79		      0.05		      0.39
	      1.80		      0.05		      0.40
	      1.81		      0.05		      0.41
	      1.82		      0.06		      0.43
	      1.83		      0.06		      0.44
	      1.84		      0.07		      0.44
	      1.85		      0.07		      0.45
	      1.86		      0.07		      0.46
	      1.87		      0.08		      0.47
	      1.88		      0.08		      0.48
	      1.89		      0.09		      0.48
	      1.90		      0.09		      0.49
	      1.91		      0.10		      0.49
	      1.92		      0.10		      0.49
	      1.93		      0.11		      0.50
	      1.94		      0.11		      0.50
	      1.95		      0.12		      0.50
	      1.96		      0.12		      0.50
	      1.97		      0.13		      0.50
	      1.98		      0.13		      0.50
	      1.99		      0.14		      0.50
	      2.00		      0.14		      0.49
	      2.01		      0.15		      0.49
	      2.02		      0.15		      0.48
	      2.03		      0.16		      0.48
	      2.04		      0.16		      0.47
	      2.05		      0.17		      0.47
	      2.06		      0.17		      0.46
	      2.07		      0.18		      0.45
	      2.08		      0.18		      0.44
	      2.09		      0.19		      0.43
	      2.10		      0.19		      0.42
	      2.11		      0.19		      0.41
	      2.12		      0.20		      0.40
	      2.13		      0.20		      0.39
	      2.14		      0.21		      0.37
	      2.15		      0.21		      0.36
	      2.16		      0.21		      0.35
	      2.17		      0.22		      0.33
	      2.18		      0.22		      0.32
	      2.19		      0.22		      0.30
	      2.20		      0.23		      0.28
	      2.21		      0.23		      0.27
	      2.22		      0.23		      0.25
	      2.23		      0.23		      0.23
	      2.24		      0.24		      0.22
	      2.25		      0.24		      0.20
	      2.26		      0.24		      0.18
	      2.27		      0.24		      0.16
	      2.28		      0.24		      0.14
	      2.29		      0.25		      0.12
	      2.30		      0.25		      0.10
	      2.31		      0.25		      0.08
	      2.32		      0.25		      0.06
	      2.33		      0.25		      0.04
	      2.34		      0.25		      0.02
	      2.35		      0.25		      0.00
	      2.36		      0.25		     -0.02
	      2.37		      0.25		     -0.04
	      2.38		      0.25		     -0.06
	      2.39		      0.25		     -0.08
	      2.40		      0.25		     -0.10
	      2.41		      0.25		     -0.12
	      2.42		      0.25		     -0.14
	      2.43		      0.24		     -0.15
	      2.44		      0.24		     -0.17
	      2.45		      0.24		     -0.19
	      2.46		      0.24		     -0.21
	      2.47		      0.24		     -0.23
	      2.48		      0.23		     -0.25
	      2.49		      0.23		     -0.26
	      2.50		      0.23		     -0.28
	      2.51		      0.23		     -0.30
	      2.52		      0.22		     -0.31
	      2.53		      0.22		     -0.33
	      2.54		      0.22		     -0.34
	      2.55		      0.21		     -0.36
	      2.56		      0.21		     -0.37
	      2.57		      0.21		     -0.38
	      2.58		      0.20		     -0.40
	      2.59		      0.20		     -0.41
	      2.60		      0.20		     -0.42
	      2.61		      0.19		     -0.43
	      2.62		      0.19		     -0.44
	      2.63		      0.18		     -0.45
	      2.64		      0.18		     -0.46
	      2.65		      0.17		     -0.47
	      2.66		      0.17		     -0.47
	      2.67		      0.16		     -0.48
	      2.68		      0.16		     -0.48
	      2.69		      0.15		     -0.49
	      2.70		      0.15		     -0.49
	      2.71		      0.14		     -0.50
	      2.72		      0.14		     -0.50
	      2.73		      0.13		     -0.50
	      2.74		      0.13		     -0.50
	      2.75		      0.12		     -0.50
	      2.76		      0.12		     -0.50
	      2.77		      0.11		     -0.50
	      2.78		      0.11		     -0.49
	      2.79		      0.10		     -0.49
	      2.80		      0.10		     -0.49
	      2.81		      0.09		     -0.48
	      2.82		      0.09		     -0.48
	      2.83		      0.09		     -0.47
	      2.84		      0.08		     -0.46
	      2.85		      0.08		     -0.46
	      2.86		      0.07		     -0.45
	      2.87		      0.07		     -0.44
	      2.88		      0.06		     -0.43
	      2.89		      0.06		     -0.42
	      2.90		      0.05		     -0.41
	      2.91		      0.05		     -0.39
	      2.92		      0.05		     -0.38
	      2.93		      0.04		     -0.37
	      2.94		      0.04		     -0.35
	      2.95		      0.03		     -0.34
	      2.96		      0.03		     -0.32
	      2.97		      0.03		     -0.31
	      2.98		      0.03		     -0.29
	      2.99		      0.02		     -0.28
	      3.00		      0.02		     -0.26
	      3.01		      0.02		     -0.24
	      3.02		      0.01		     -0.22
	      3.03		      0.01		     -0.21
	      3.04		      0.01		     -0.19
	      3.05		      0.01		     -0.17
	      3.06		      0.01		     -0.15
	      3.07		      0.01		     -0.13
	      3.08		      0.00		     -0.11
	      3.09		      0.00		     -0.09
	      3.10		      0.00		     -0.07
	      3.11		      0.00		     -0.05
	      3.12		      0.00		     -0.03
	      3.13		      0.00		     -0.01
	      3.14		      0.00		      0.01
	      3.15		      0.00		      0.03
	      3.16		      0.00		      0.05
	      3.17		      0.00		      0.07
	      3.18		      0.00		      0.09
	      3.19		      0.00		      0.11
	      3.20		      0.00		      0.13
	      3.21		      0.00		      0.14
	      3.22		      0.01		      0.16
	      3.23		      0.01		      0.18
	      3.24		      0.01		      0.20
	      3.25		      0.01		      0.22
	      3.26		      0.01		      0.24
	      3.27		      0.02		      0.25
	      3.28		      0.02		      0.27
	      3.29		      0.02		      0.29
	      3.30		      0.02		      0.30
	      3.31		      0.03		      0.32
	      3.32		      0.03		      0.33
	      3.33		      0.03		      0.35
	      3.34		      0.04		      0.36
	      3.35		      0.04		      0.38
	      3.36		      0.04		      0.39
	      3.37		      0.05		      0.40
	      3.38		      0.05		      0.41
	      3.39		      0.06		      0.42
	      3.40		      0.06		      0.43
	      3.41		      0.07		      0.44
	      3.42		      0.07		      0.45
	      3.43		      0.07		      0.46
	      3.44		      0.08		      0.47
	      3.45		      0.08		      0.48
	      3.46		      0.09		      0.48
	      3.47		      0.09		      0.49
	      3.48		      0.10		      0.49
	      3.49		      0.10		      0.49
	      3.50		      0.11		      0.50
	      3.51		      0.11		      0.50
	      3.52		      0.12		      0.50
	      3.53		      0.12		      0.50
	      3.54		      0.13		      0.50
	      3.55		      0.13		      0.50
	      3.56		      0.14		      0.50
	      3.57		      0.14		      0.49
	      3.58		      0.15		      0.49
	      3.59		      0.15		      0.49
	      3.60		      0.16		      0.48
	      3.61		      0.16		      0.47
	      3.62		      0.17		      0.47
	      3.63		      0.17		      0.46
	      3.64		      0.18		      0.45
	      3.65		      0.18		      0.44
	      3.66		      0.19		      0.43
	      3.67		      0.19		      0.42
	      3.68		      0.19		      0.41
	      3.69		      0.20		      0.40
	      3.70		      0.20		      0.39
	      3.71		      0.21		      0.37
	      3.72		      0.21		      0.36
	      3.73		      0.21		      0.35
	      3.74		      0.22		      0.33
	      3.75		      0.22		      0.32
	      3.76		      0.22		      0.30
	      3.77		      0.23		      0.29
	      3.78		      0.23		      0.27
	      3.79		      0.23		      0.25
	      3.80		      0.23		      0.23
	      3.81		      0.24		      0.22
	      3.82		      0.24		      0.20
	      3.83		      0.24		      0.18
	      3.84		      0.24		      0.16
	      3.85		      0.24		      0.14
	      3.86		      0.25		      0.12
	      3.87		      0.25		      0.10
	      3.88		      0.25		      0.08
	      3.89		      0.25		      0.06
	      3.90		      0.25		      0.04
	      3.91		      0.25		      0.02
	      3.92		      0.25		      0.00
	      3.93		      0.25		     -0.02
	      3.94		      0.25		     -0.04
	      3.95		      0.25		     -0.06
	      3.96		      0.25		     -0.08
	      3.97		      0.25		     -0.10
	      3.98		      0.25		     -0.11
	      3.99		      0.25		     -0.13
	      4.00		      0.24		     -0.15
	      4.01		      0.24		     -0.17
	      4.02		      0.24		     -0.19
	      4.03		      0.24		     -0.21
	      4.04		      0.24		     -0.23
	      4.05		      0.24		     -0.24
	      4.06		      0.23		     -0.26
	      4.07		      0.23		     -0.28
	      4.08		      0.23		     -0.30
	      4.09		      0.22		     -0.31
	      4.10		      0.22		     -0.33
	      4.11		      0.22		     -0.34
	      4.12		      0.21		     -0.36
	      4.13		      0.21		     -0.37
	      4.14		      0.21		     -0.38
	      4.15		      0.20		     -0.40
	      4.16		      0.20		     -0.41
	      4.17		      0.20		     -0.42
	      4.18		      0.19		     -0.43
	      4.19		      0.19		     -0.44
	      4.20		      0.18		     -0.45
	      4.21		      0.18		     -0.46
	      4.22		      0.17		     -0.46
	      4.23		      0.17		     -0.47
	      4.24		      0.16		     -0.48
	      4.25		      0.16		     -0.48
	      4.26		      0.15		     -0.49
	      4.27		      0.15		     -0.49
	      4.28		      0.14		     -0.50
	      4.29		      0.14		     -0.50
	      4.30		      0.13		     -0.50
	      4.31		      0.13		     -0.50
	      4.32		      0.12		     -0.50
	      4.33		      0.12		     -0.50
	      4.34		      0.11		     -0.50
	      4.35		      0.11		     -0.49
	      4.36		      0.10		     -0.49
	      4.37		      0.10		     -0.49
	      4.38		      0.10		     -0.48
	      4.39		      0.09		     -0.48
	      4.40		      0.09		     -0.47
	      4.41		      0.08		     -0.46
	      4.42		      0.08		     -0.46
	      4.43		      0.07		     -0.45
	      4.44		      0.07		     -0.44
	      4.45		      0.06		     -0.43
	      4.46		      0.06		     -0.42
	      4.47		      0.05		     -0.41
	      4.48		      0.05		     -0.39
	      4.49		      0.05		     -0.38
	      4.50		      0.04		     -0.37
	      4.51		      0.04		     -0.35
	      4.52		      0.04		     -0.34
	      4.53		      0.03		     -0.33
	      4.54		      0.03		     -0.31
	      4.55		      0.03		     -0.29
	      4.56		      0.02		     -0.28
	      4.57		      0.02		     -0.26
	      4.58		      0.02		     -0.24
	      4.59		      0.01		     -0.23
	      4.60		      0.01		     -0.21
	      4.61		      0.01		     -0.19
	      4.62		      0.01		     -0.17
	      4.63		      0.01		     -0.15
	      4.64		      0.01		     -0.13
	      4.65		      0.00		     -0.11
	      4.66		      0.00		     -0.09
	      4.67		      0.00		     -0.07
	      4.68		      0.00		     -0.05
	      4.69		      0.00		     -0.03
	      4.70		      0.00		     -0.01
	      4.71		      0.00		      0.01
	      4.72		      0.00		      0.03
	      4.73		      0.00		      0.05
	      4.74		      0.00		      0.07
	      4.75		      0.00		      0.08
	      4.76		      0.00		      0.10
	      4.77		      0.00		      0.12
	      4.78		      0.00		      0.14
	      4.79		      0.01		      0.16
	      4.80		      0.01		      0.18
	      4.81		      0.01		      0.20
	      4.82		      0.01		      0.22
	      4.83		      0.01		      0.24
	      4.84		      0.02		      0.25
	      4.85		      0.02		      0.27
	      4.86		      0.02		      0.29
	      4.87		      0.02		      0.30
	      4.88		      0.03		      0.32
	      4.89		      0.03		      0.33
	      4.90		      0.03		      0.35
	      4.91		      0.04		      0.36
	      4.92		      0.04		      0.38
	      4.93		      0.04		      0.39
	      4.94		      0.05		      0.40
	      4.95		      0.05		      0.41
	      4.96		      0.06		      0.42
	      4.97		      0.06		      0.43
	      4.98		      0.07		      0.44
	      4.99		      0.07		      0.45
	      5.00		      0.07		      0.46
	      5.01		      0.08		      0.47
	      5.02		      0.08		      0.47
	      5.03		      0.09		      0.48
	      5.04		      0.09		      0.49
	      5.05		      0.10		      0.49
	      5.06		      0.10		      0.49
	      5.07		      0.11		      0.50
	      5.08		      0.11		      0.50
	      5.09		      0.12		      0.50
	      5.10		      0.12		      0.50
	      5.11		      0.13		      0.50
	      5.12		      0.13		      0.50
	      5.13		      0.14		      0.50
	      5.14		      0.14		      0.49
	      5.15		      0.15		      0.49
	      5.16		      0.15		      0.49
	      5.17		      0.16		      0.48
	      5.18		      0.16		      0.47
	      5.19		      0.17		      0.47
	      5.20		      0.17		      0.46
	      5.21		      0.18		      0.45
	      5.22		      0.18		      0.44
	      5.23		      0.18		      0.43
	      5.24		      0.19		      0.42
	      5.25		      0.19		      0.41
	      5.26		      0.20		      0.40
	      5.27		      0.20		      0.39
	      5.28		      0.21		      0.38
	      5.29		      0.21		      0.36
	      5.30		      0.21		      0.35
	      5.31		      0.22		      0.33
	      5.32		      0.22		      0.32
	      5.33		      0.22		      0.30
	      5.34		      0.23		      0.29
	      5.35		      0.23		      0.27
	      5.36		      0.23		      0.25
	      5.37		      0.23		      0.24
	      5.38		      0.24		      0.22
	      5.39		      0.24		      0.20
	      5.40		      0.24		      0.18
	      5.41		      0.24		      0.16
	      5.42		      0.24		      0.14
	      5.43		      0.25		      0.12
	      5.44		      0.25		      0.10
	      5.45		      0.25		      0.09
	      5.46		      0.25		      0.07
	      5.47		      0.25		      0.05
	      5.48		      0.25		      0.03
	      5.49		      0.25		      0.01
	      5.50		      0.25		     -0.01
	      5.51		      0.25		     -0.03
	      5.52		      0.25		     -0.05
	      5.53		      0.25		     -0.07
	      5.54		      0.25		     -0.09
	      5.55		      0.25		     -0.11
	      5.56		      0.25		     -0.13
	      5.57		      0.24		     -0.15
	      5.58		      0.24		     -0.17
	      5.59		      0.24		     -0.19
	      5.60		      0.24		     -0.21
	      5.61		      0.24		     -0.23
	      5.62		      0.24		     -0.24
	      5.63		      0.23		     -0.26
	      5.64		      0.23		     -0.28
	      5.65		      0.23		     -0.29
	      5.66		      0.22		     -0.31
	      5.67		      0.22		     -0.33
	      5.68		      0.22		     -0.34
	      5.69		      0.21		     -0.35
	      5.70		      0.21		     -0.37
	      5.71		      0.21		     -0.38
	      5.72		      0.20		     -0.39
	      5.73		      0.20		     -0.41
	      5.74		      0.20		     -0.42
	      5.75		      0.19		     -0.43
	      5.76		      0.19		     -0.44
	      5.77		      0.18		     -0.45
	      5.78		      0.18		     -0.46
	      5.79		      0.17		     -0.46
	      5.80		      0.17		     -0.47
	      5.81		      0.16		     -0.48
	      5.82		      0.16		     -0.48
	      5.83		      0.15		     -0.49
	      5.84		      0.15		     -0.49
	      5.85		      0.15		     -0.49
	      5.86		      0.14		     -0.50
	      5.87		      0.14		     -0.50
	      5.88		      0.13		     -0.50
	      5.89		      0.13		     -0.50
	      5.90		      0.12		     -0.50
	      5.91		      0.12		     -0.50
	      5.92		      0.11		     -0.50
	      5.93		      0.11		     -0.49
	      5.94		      0.10		     -0.49
	      5.95		      0.10		     -0.48
	      5.96		      0.09		     -0.48
	      5.97		      0.09		     -0.47
	      5.98		      0.08		     -0.46
	      5.99		      0.08		     -0.46
	      6.00		      0.07		     -0.45
	      6.01		      0.07		     -0.44
	      6.02		      0.06		     -0.43
	      6.03		      0.06		     -0.42
	      6.04		      0.05		     -0.41
	      6.05		      0.05		     -0.40
	      6.06		      0.05		     -0.38
	      6.07		      0.04		     -0.37
	      6.08		      0.04		     -0.36
	      6.09		      0.04		     -0.34
	      6.10		      0.03		     -0.33
	      6.11		      0.03		     -0.31
	      6.12		      0.03		     -0.30
	      6.13		      0.02		     -0.28
	      6.14		      0.02		     -0.26
	      6.15		      0.02		     -0.25
	      6.16		      0.01		     -0.23
	      6.17		      0.01		     -0.21
	      6.18		      0.01		     -0.19
	      6.19		      0.01		     -0.17
	      6.20		      0.01		     -0.15
	      6.21		      0.01		     -0.13
	      6.22		      0.00		     -0.12
	      6.23		      0.00		     -0.10
	      6.24		      0.00		     -0.08
	      6.25		      0.00		     -0.06
	      6.26		      0.00		     -0.04
	      6.27		      0.00		     -0.02
	      6.28		      0.00		      0.00
